=== SNAPSHOT ANTES — 28/07/2026 12:07:13 ===
202617785319|54|1778531976824.0|12/05/2026|11222333000181|10000.0|0.0|0.0|0.0|4.0|4.0|10000.0|-1
202617785320|54|1778531976824.0|01/07/2026|0|50000.0|0.0|0.0|0.0|20.0|20.0|50000.0|-1
202617785321|54|1778531976824.0|01/07/2026|40806257000150|50000.0|0.0|0.0|0.0|20.0|20.0|50000.0|-1
202617785322|54|1778531976824.0|03/06/2026|0|50000.0|0.0|0.0|0.0|20.0|15.0|50000.0|-1
202617785323|54|1778531976824.0|03/06/2026|40806257000150|50000.0|0.0|0.0|0.0|20.0|15.0|50000.0|-1
202617785324|54|1778531976824.0|04/06/2026|40806257000150|50000.0|0.0|0.0|0.0|20.0|15.0|50000.0|-1

(6 rows affected)
=== DDR vigente (estado atual: so raiz, M1 ausente) ===
1778531976824.0|40806257|8|R|P|01/05/2026|01/10/2026

(1 rows affected)
